shallow:
               precision    recall  f1-score   support

           0       0.99      0.88      0.93       980
           1       0.95      0.98      0.96      1135
           2       0.89      0.93      0.91      1032
           3       0.93      0.91      0.92      1010
           4       0.97      0.86      0.91       982
           5       0.83      0.97      0.89       892
           6       0.93      0.92      0.93       958
           7       0.95      0.86      0.91      1028
           8       0.91      0.85      0.88       974
           9       0.80      0.95      0.87      1009

    accuracy                           0.91     10000
   macro avg       0.92      0.91      0.91     10000
weighted avg       0.92      0.91      0.91     10000

deep:
               precision    recall  f1-score   support

           0       0.97      0.91      0.94       980
           1       0.99      0.94      0.96      1135
           2       0.73      0.99      0.84      1032
           3       0.99      0.79      0.88      1010
           4       0.94      0.92      0.93       982
           5       0.90      0.96      0.93       892
           6       0.89      0.97      0.93       958
           7       0.95      0.87      0.91      1028
           8       0.92      0.90      0.91       974
           9       0.91      0.86      0.88      1009

    accuracy                           0.91     10000
   macro avg       0.92      0.91      0.91     10000
weighted avg       0.92      0.91      0.91     10000

