shallow:
               precision    recall  f1-score   support

           0       0.97      0.94      0.96       980
           1       0.99      0.98      0.98      1135
           2       0.95      0.88      0.91      1032
           3       0.94      0.91      0.92      1010
           4       0.94      0.96      0.95       982
           5       0.98      0.86      0.92       892
           6       0.95      0.95      0.95       958
           7       0.93      0.94      0.94      1028
           8       0.75      0.97      0.85       974
           9       0.95      0.89      0.92      1009

    accuracy                           0.93     10000
   macro avg       0.93      0.93      0.93     10000
weighted avg       0.93      0.93      0.93     10000

deep:
               precision    recall  f1-score   support

           0       0.96      0.99      0.97       980
           1       0.96      0.99      0.98      1135
           2       0.99      0.93      0.95      1032
           3       0.97      0.95      0.96      1010
           4       0.97      0.97      0.97       982
           5       0.99      0.91      0.95       892
           6       0.96      0.98      0.97       958
           7       0.96      0.97      0.96      1028
           8       0.85      0.99      0.91       974
           9       0.98      0.90      0.94      1009

    accuracy                           0.96     10000
   macro avg       0.96      0.96      0.96     10000
weighted avg       0.96      0.96      0.96     10000

