shallow:
               precision    recall  f1-score   support

           0       0.97      0.96      0.96       980
           1       0.99      0.95      0.97      1135
           2       0.87      0.95      0.91      1032
           3       0.89      0.94      0.92      1010
           4       1.00      0.87      0.93       982
           5       0.89      0.93      0.91       892
           6       0.97      0.91      0.94       958
           7       0.95      0.89      0.92      1028
           8       0.91      0.80      0.86       974
           9       0.78      0.96      0.86      1009

    accuracy                           0.92     10000
   macro avg       0.92      0.92      0.92     10000
weighted avg       0.92      0.92      0.92     10000

deep:
               precision    recall  f1-score   support

           0       0.95      0.97      0.96       980
           1       1.00      0.93      0.96      1135
           2       0.99      0.84      0.91      1032
           3       0.89      0.94      0.92      1010
           4       0.97      0.91      0.94       982
           5       0.89      0.97      0.93       892
           6       0.96      0.92      0.94       958
           7       0.94      0.96      0.95      1028
           8       0.80      0.98      0.88       974
           9       0.92      0.88      0.90      1009

    accuracy                           0.93     10000
   macro avg       0.93      0.93      0.93     10000
weighted avg       0.93      0.93      0.93     10000

